FT    ID    AT    WT    ST
5    2     3     0     2
6    1     1     0     5
9    3     5     0     4
10    4     7     0     3
14    5     9     0     5
15    6     10     0     5
17    7     12     0     5
17    8     14     0     3
21    10     18     0     3
22    11     20     0     2
24    12     22     0     2
27    9     16     0     11
28    13     24     0     4
29    14     26     0     3
35    15     28     0     7
35    16     30     0     5
37    17     32     0     5
40    18     34     0     6
42    21     40     0     2
43    20     38     0     5
44    19     36     0     8
50    23     44     0     6
50    24     46     0     4
51    22     42     0     9
Orders: 24  [Norm: 8, Veg: 8, VIP: 8 ]
Cooks:15  [Norm: 6, Veg: 5, VIP: 4 ]
Avg Wait= 0, Avg Serv= 4.75
Auto-Promoted: 0